489 388 0.72
489 394 0.731
487 398 0.743
485 405 0.754
478 423 0.766
474 433 0.777
462 455 0.789
455 466 0.801
442 484 0.812
434 493 0.824
424 504 0.835
417 510 0.846
410 516 0.857
399 524 0.868
393 527 0.88
382 531 0.891
377 532 0.903
370 534 0.914
367 535 0.925
360 535 0.937
358 536 0.949
355 536 0.96
350 536 0.972
349 536 0.984
344 536 0.995
343 536 1.007
339 536 1.018
337 536 1.03
336 536 1.041
335 536 1.053
335 536 1.065
335 536 1.165
333 536 1.177
333 536 1.188
331 536 1.199
330 536 1.211
328 535 1.224
328 535 1.235
327 534 1.247
327 534 1.259
326 533 1.27
326 531 1.282
326 529 1.294
326 524 1.306
327 521 1.317
331 514 1.329
334 511 1.341
343 506 1.352
349 505 1.364
360 503 1.376
365 503 1.387
375 503 1.399
379 503 1.411
388 507 1.422
393 510 1.434
401 516 1.445
405 519 1.457
412 526 1.469
415 529 1.48
417 530 1.492
421 534 1.504
422 536 1.516
424 538 1.526
424 538 1.538
425 539 1.55
425 539 1.561
425 539 1.573
426 538 1.606
427 536 1.618
430 530 1.63
433 526 1.641
443 516 1.653
452 513 1.664
484 511 1.676
502 515 1.688
533 529 1.699
551 540 1.71
558 545 1.721
580 560 1.733
583 562 1.744
592 569 1.756
594 570 1.766
596 572 1.777
597 573 1.789
597 573 1.801
597 573 1.823
592 570 1.835
588 566 1.846
577 550 1.858
566 533 1.87
555 512 1.881
552 505 1.893
547 492 1.905
544 485 1.917
541 477 1.928
541 475 1.94
541 474 1.951
541 474 1.963
542 475 1.986
544 479 1.998
551 491 2.009
552 495 2.021
558 507 2.033
559 509 2.044
561 515 2.056
562 518 2.067
562 519 2.078
563 520 2.09
559 510 2.112
554 497 2.124
539 463 2.136
534 452 2.147
524 427 2.158
523 424 2.17
519 416 2.181
516 407 2.193
515 405 2.205
515 405 2.217
515 411 2.228
518 432 2.24
522 445 2.251
530 472 2.263
531 478 2.275
534 490 2.286
535 496 2.298
536 502 2.31
536 503 2.321
531 498 2.344
527 493 2.355
518 475 2.367
511 463 2.379
502 447 2.39
497 438 2.402
490 427 2.414
487 422 2.425
484 418 2.436
483 417 2.448
482 417 2.46
482 424 2.471
482 437 2.483
485 458 2.495
488 471 2.506
494 491 2.517
496 501 2.529
499 509 2.541
500 513 2.551
501 517 2.563
501 517 2.574
492 501 2.597
482 483 2.609
465 455 2.62
453 437 2.632
446 427 2.643
439 418 2.654
432 408 2.666
430 406 2.677
429 405 2.689
429 407 2.7
433 416 2.712
444 438 2.724
453 453 2.735
471 486 2.746
475 491 2.758
482 503 2.77
485 508 2.781
489 514 2.793
490 516 2.805
490 516 2.815
491 516 2.827
490 512 2.839
482 498 2.851
479 494 2.862
470 478 2.874
467 471 2.884
462 464 2.896
460 461 2.907
459 458 2.918
458 456 2.93
458 455 2.941
457 455 2.953
457 460 2.975
460 468 2.987
470 490 2.999
475 502 3.011
479 508 3.022
489 530 3.034
493 538 3.045
497 546 3.057
499 549 3.069
501 552 3.08
501 554 3.092
499 552 3.103
493 550 3.236
486 547 3.248
484 546 3.259
482 544 3.271
481 543 3.283
481 542 3.294
481 540 3.306
492 534 3.317
508 527 3.329
547 515 3.34
572 511 3.351
602 507 3.363
663 505 3.374
676 505 3.386
723 509 3.398
740 513 3.409
758 520 3.421
766 523 3.433
777 531 3.444
780 535 3.456
784 545 3.468
786 550 3.479
787 563 3.491
787 568 3.502
787 579 3.514
786 583 3.526
780 590 3.538
776 592 3.55
767 594 3.561
761 594 3.573
751 594 3.585
738 587 3.596
730 581 3.608
707 557 3.619
696 539 3.631
670 496 3.642
658 472 3.654
644 439 3.666
641 431 3.677
635 413 3.689
633 405 3.7
631 397 3.712
631 394 3.724
631 393 3.735
637 393 3.746
643 393 3.758
663 402 3.77
682 414 3.781
702 430 3.793
714 443 3.805
734 469 3.816
737 475 3.827
742 488 3.839
745 493 3.851
746 501 3.863
746 503 3.874
746 504 3.885
746 505 3.897
745 505 3.908
741 505 3.92
738 505 3.931
730 504 3.943
725 502 3.955
715 498 3.966
710 495 3.978
697 490 3.99
692 487 4.001
686 485 4.013
674 479 4.025
669 476 4.036
669 472 4.453
669 468 4.464
669 459 4.476
669 456 4.487
669 443 4.499
669 437 4.511
665 421 4.523
663 418 4.534
653 407 4.546
648 403 4.558
630 392 4.569
620 389 4.581
598 387 4.593
585 387 4.604
560 389 4.616
547 394 4.628
538 400 4.639
521 415 4.651
515 423 4.663
507 444 4.675
506 450 4.686
505 468 4.698
505 476 4.709
506 484 4.721
508 488 4.733
512 493 4.744
515 493 4.756
524 493 4.767
530 490 4.779
550 471 4.79
561 459 4.801
567 452 4.813
587 421 4.824
594 405 4.836
601 388 4.847
601 385 4.859
604 374 4.871
604 371 4.883
604 368 4.894
599 368 5.147
593 369 5.159
564 379 5.171
541 386 5.183
483 406 5.194
451 418 5.206
419 431 5.217
378 450 5.229
355 459 5.241
319 476 5.252
314 478 5.264
301 485 5.276
295 488 5.287
290 490 5.299
290 490 5.311
290 491 5.322
300 491 5.334
337 482 5.346
362 475 5.357
392 468 5.369
436 454 5.38
461 443 5.392
499 424 5.404
504 419 5.415
519 402 5.427
522 394 5.439
524 376 5.45
523 370 5.462
502 352 5.473
484 346 5.485
438 336 5.496
409 335 5.508
381 335 5.519
326 339 5.531
314 343 5.543
267 363 5.554
251 375 5.566
228 400 5.577
222 413 5.589
219 440 5.601
219 455 5.612
228 478 5.624
236 488 5.635
247 497 5.646
288 513 5.657
309 514 5.669
358 511 5.681
381 503 5.692
411 486 5.704
440 464 5.715
454 440 5.726
467 412 5.738
469 374 5.75
467 353 5.762
456 332 5.773
420 295 5.785
394 279 5.797
334 259 5.808
306 255 5.82
247 255 5.832
237 255 5.843
202 270 5.855
190 280 5.866
175 301 5.878
170 313 5.89
168 341 5.9
168 354 5.912
169 368 5.924
183 396 5.936
190 409 5.947
208 432 5.958
218 442 5.97
249 462 5.982
257 463 5.993
292 468 6.005
308 468 6.017
339 457 6.027
352 448 6.039
381 416 6.051
384 407 6.062
393 380 6.074
395 351 6.086
395 337 6.097
381 312 6.109
364 296 6.121
339 289 6.133
309 286 6.144
276 287 6.156
241 297 6.168
202 319 6.179
195 326 6.191
173 355 6.202
166 371 6.214
161 404 6.225
161 421 6.237
162 437 6.249
176 464 6.26
184 475 6.272
203 491 6.283
213 495 6.295
228 499 6.307
237 500 6.319
253 500 6.33
260 500 6.342
270 493 6.354
277 484 6.365
281 467 6.376
282 455 6.388
282 440 6.4
279 413 6.411
276 407 6.423
260 381 6.435
243 370 6.446
221 366 6.458
194 365 6.469
169 367 6.481
153 372 6.493
125 388 6.504
122 391 6.516
105 412 6.528
104 420 6.539
107 443 6.551
117 454 6.563
155 473 6.575
181 480 6.586
211 485 6.597
289 488 6.609
324 487 6.62
366 475 6.632
390 467 6.643
423 447 6.655
434 437 6.666
447 415 6.678
450 403 6.689
450 364 6.701
449 355 6.713
442 340 6.724
423 311 6.736
412 299 6.747
389 282 6.759
376 275 6.771
350 271 6.782
340 271 6.793
317 275 6.804
308 281 6.816
301 288 6.827
287 314 6.839
286 328 6.85
288 368 6.861
297 391 6.873
326 435 6.885
344 453 6.896
375 474 6.908
409 490 6.919
440 494 6.931
459 495 6.942
489 495 6.953
512 485 6.965
525 475 6.977
554 438 6.988
561 419 7.0
569 372 7.012
570 347 7.023
569 312 7.035
563 292 7.046
546 262 7.058
536 251 7.07
516 238 7.082
505 235 7.093
493 234 7.105
470 234 7.116
459 237 7.128
433 258 7.139
426 272 7.151
417 310 7.162
417 335 7.174
424 387 7.186
430 399 7.197
451 437 7.208
462 451 7.22
467 454 7.232
492 469 7.243
502 470 7.255
525 470 7.266
543 461 7.278
570 437 7.289
577 429 7.3
610 384 7.312
614 374 7.323
622 354 7.335
630 319 7.346
630 313 7.358
630 284 7.37
626 277 7.382
602 263 7.393
583 262 7.405
535 264 7.417
508 273 7.427
457 303 7.439
436 322 7.451
404 370 7.462
394 397 7.474
389 456 7.486
389 482 7.497
390 493 7.508
405 526 7.52
414 537 7.532
428 546 7.543
442 551 7.554
473 552 7.566
481 550 7.577
510 536 7.589
524 528 7.6
539 519 7.611
556 506 7.623
572 492 7.635
585 474 7.646
589 464 7.658
592 443 7.669
592 433 7.681
592 419 7.693
588 411 7.704
574 394 7.716
566 389 7.727
556 385 7.739
532 381 7.751
518 381 7.762
499 381 7.774
490 385 7.785
473 398 7.797
470 406 7.809
470 424 7.821
470 434 7.832
485 453 7.844
497 463 7.855
535 481 7.867
555 485 7.879
600 487 7.89
610 487 7.902
636 487 7.914
648 483 7.925
658 480 7.937
672 471 7.949
676 467 7.96
683 451 7.971
684 443 7.983
681 426 7.995
676 416 8.006
658 399 8.018
647 393 8.03
632 391 8.041
623 391 8.053
616 391 8.064
606 394 8.076
600 400 8.088
600 416 8.1
601 433 8.111
617 467 8.122
623 476 8.134
638 501 8.146
645 513 8.157
653 523 8.168
658 529 8.18
665 522 8.39
672 515 8.401
680 508 8.412
698 493 8.424
706 488 8.436
716 480 8.447
719 478 8.459
725 472 8.471
727 470 8.482
730 467 8.494
730 466 8.506
729 464 8.517
724 462 8.528
709 459 8.54
700 458 8.552
689 458 8.563
666 458 8.575
661 459 8.586
645 465 8.598
639 470 8.61
630 486 8.621
630 493 8.633
631 512 8.644
637 522 8.656
651 540 8.667
660 546 8.679
664 548 8.69
688 556 8.702
693 556 8.714
717 556 8.725
725 552 8.737
741 542 8.748
748 535 8.76
758 519 8.771
759 514 8.783
763 500 8.794
764 494 8.806
764 488 8.817
762 479 8.829
756 472 8.841
742 464 8.853
732 460 8.864
710 456 8.876
699 454 8.888
683 454 8.899
674 454 8.911
660 454 8.923
655 456 8.934
648 462 8.946
646 466 8.957
644 473 8.969
644 477 8.981
644 493 8.993
648 499 9.004
653 507 9.015
666 521 9.027
670 524 9.038
685 535 9.05
694 539 9.061
709 543 9.073
715 544 9.084
725 544 9.096
729 544 9.108
735 538 9.119
738 535 9.131
739 532 9.143
741 523 9.155
741 519 9.166
741 508 9.178
736 500 9.19
724 489 9.201
715 483 9.213
696 474 9.224
686 470 9.236
672 466 9.247
663 465 9.259
651 464 9.271
649 464 9.282
641 464 9.294
639 466 9.306
637 471 9.318
636 474 9.329
636 482 9.341
636 487 9.353
636 491 9.364
640 500 9.376
642 504 9.387
647 512 9.398
651 515 9.41
657 521 9.421
659 522 9.433
663 524 9.444
665 526 9.456
667 527 9.468
667 527 9.48
668 527 9.491
668 527 9.503
668 526 9.548
668 525 9.559
668 521 9.571
668 520 9.582
668 517 9.594
666 512 9.605
663 510 9.617
654 504 9.629
651 504 9.641
639 503 9.652
632 503 9.664
626 503 9.675
623 505 9.686
617 513 9.698
617 519 9.71
617 526 9.721
627 545 9.733
634 555 9.744
647 566 9.756
655 572 9.768
668 579 9.779
673 580 9.791
684 580 9.803
687 578 9.814
693 571 9.826
696 563 9.838
697 546 9.849
697 537 9.86
697 527 9.871
690 507 9.883
686 499 9.894
673 483 9.906
664 477 9.917
651 469 9.929
636 463 9.941
623 462 9.952
616 462 9.964
604 462 9.975
594 467 9.987
590 473 9.998
581 491 10.01
579 503 10.021
577 531 10.033
577 544 10.044
584 567 10.056
591 576 10.067
608 587 10.079
619 590 10.091
631 591 10.101
657 588 10.113
669 582 10.125
693 564 10.136
705 551 10.147
722 528 10.159
728 517 10.171
733 502 10.183
734 493 10.194
734 476 10.206
731 470 10.218
718 459 10.23
709 453 10.242
684 444 10.254
672 441 10.266
654 439 10.278
644 439 10.29
629 439 10.302
625 439 10.314
618 448 10.326
618 454 10.338
619 479 10.35
624 486 10.361
641 511 10.373
653 524 10.385
676 543 10.397
682 545 10.409
709 556 10.42
719 556 10.432
733 556 10.444
740 554 10.455
753 547 10.467
759 541 10.479
771 525 10.49
774 517 10.502
775 513 10.514
778 492 10.526
778 482 10.537
771 462 10.549
764 452 10.561
747 436 10.572
737 431 10.584
723 426 10.596
715 424 10.607
700 423 10.619
693 423 10.631
678 427 10.642
674 433 10.654
665 453 10.666
658 473 10.677
656 500 10.689
656 517 10.701
656 539 10.713
656 551 10.725
662 566 10.737
663 568 10.748
671 575 10.76
677 577 10.772
689 576 10.784
697 571 10.795
707 565 10.807
727 548 10.817
736 537 10.829
749 515 10.841
750 511 10.853
754 493 10.864
755 486 10.876
754 468 10.89
749 461 10.901
734 448 10.913
723 443 10.925
693 433 10.939
660 432 10.951
644 432 10.963
630 432 10.974
615 439 10.987
602 447 11.002
597 455 11.014
596 459 11.025
596 470 11.039
599 475 11.051
611 488 11.062
619 494 11.074
636 508 11.089
649 515 11.101
656 519 11.113
663 522 11.125
666 524 11.137
670 525 11.149
671 525 11.161
673 525 11.173
673 525 11.184
673 525 11.195
674 525 11.208
675 524 11.223
676 523 11.234
676 522 11.246
677 522 11.258
677 522 11.27
678 522 11.282
678 521 11.293
678 521 11.315
678 521 11.393
678 521 11.427
678 520 11.439
679 519 11.45
679 518 11.462
680 516 11.474
681 515 11.486
682 512 11.498
683 510 11.51
684 508 11.522
685 506 11.533
686 504 11.546
686 503 11.557
687 502 11.57
687 501 11.582
687 500 11.593
687 500 11.604
687 499 11.616
687 499 11.628
687 499 11.727
687 499 11.816
687 498 12.633
687 498 12.656
687 498 12.679
687 497 12.713
686 496 12.725
681 492 12.736
674 488 12.747
659 481 12.758
649 478 12.769
639 476 12.781
613 473 12.793
607 473 12.804
588 473 12.816
581 473 12.827
574 476 12.839
569 479 12.851
565 484 12.863
564 488 12.874
564 497 12.886
564 503 12.898
565 513 12.909
567 518 12.921
570 523 12.932
576 528 12.944
580 529 12.956
587 530 12.968
591 530 12.979
601 526 12.991
605 521 13.003
613 508 13.015
616 501 13.026
620 481 13.038
620 476 13.049
618 453 13.06
613 445 13.072
598 430 13.084
588 424 13.095
563 415 13.107
550 412 13.118
537 412 13.13
514 412 13.142
504 412 13.154
488 422 13.165
482 429 13.177
472 444 13.189
469 454 13.201
467 468 13.212
467 482 13.224
467 502 13.235
469 511 13.247
475 522 13.258
480 530 13.269
485 536 13.281
502 551 13.293
509 554 13.304
521 555 13.316
529 555 13.327
544 553 13.339
550 549 13.351
563 533 13.362
566 525 13.374
569 492 13.385
569 475 13.397
559 452 13.408
552 439 13.42
548 435 13.431
525 413 13.443
517 410 13.455
497 408 13.466
487 408 13.478
469 413 13.489
460 419 13.5
445 437 13.511
439 449 13.523
434 461 13.535
429 489 13.547
429 495 13.558
429 516 13.57
429 523 13.581
435 534 13.593
438 538 13.605
445 542 13.616
450 542 13.628
449 542 13.803
437 542 13.815
428 542 13.826
402 542 13.838
380 542 13.85
334 553 13.862
311 559 13.873
276 572 13.885
256 581 13.896
222 598 13.908
216 602 13.919
207 609 13.931
198 615 13.943
195 618 13.955
193 622 13.966
193 623 13.978
198 625 13.99
205 625 14.001
238 626 14.013
247 626 14.025
270 625 14.036
283 622 14.047
294 618 14.059
300 616 14.071
305 612 14.083
307 610 14.094
308 607 14.106
308 605 14.118
303 601 14.13
299 598 14.142
295 596 14.153
278 591 14.165
274 591 14.176
258 591 14.188
252 591 14.2
241 591 14.212
238 592 14.223
233 598 14.235
232 601 14.246
232 610 14.258
235 615 14.269
249 623 14.281
258 626 14.293
280 629 14.305
292 629 14.316
313 627 14.329
317 624 14.34
333 614 14.352
338 608 14.364
345 595 14.376
349 584 14.388
349 572 14.4
349 564 14.411
348 557 14.423
337 538 14.435
331 531 14.447
318 523 14.458
305 516 14.47
286 511 14.482
275 510 14.493
263 510 14.505
255 510 14.516
245 517 14.528
242 520 14.54
239 528 14.552
239 532 14.563
241 541 14.575
249 548 14.587
264 554 14.598
274 554 14.61
308 553 14.622
325 544 14.633
365 512 14.645
384 489 14.657
416 441 14.668
447 361 14.68
448 343 14.691
449 284 14.703
442 263 14.714
412 231 14.726
394 223 14.737
351 218 14.749
328 218 14.761
298 226 14.772
278 236 14.784
245 258 14.796
233 270 14.808
223 283 14.819
215 308 14.831
213 330 14.843
219 359 14.854
230 375 14.865
260 400 14.876
270 404 14.888
301 412 14.9
314 413 14.911
337 409 14.922
354 397 14.934
363 382 14.946
381 340 14.958
386 311 14.97
389 247 14.981
389 215 14.993
376 177 15.005
364 162 15.016
332 142 15.028
316 142 15.039
281 158 15.051
262 173 15.063
236 198 15.074
210 230 15.086
190 272 15.098
185 295 15.109
183 340 15.121
184 349 15.133
195 384 15.144
211 405 15.155
225 417 15.167
258 434 15.179
286 439 15.191
326 438 15.202
345 430 15.214
385 405 15.226
404 388 15.237
432 348 15.249
442 325 15.26
449 291 15.272
450 271 15.284
448 242 15.296
445 238 15.307
433 225 15.319
421 220 15.331
415 220 15.342
396 223 15.354
388 229 15.365
371 247 15.377
370 247 15.608
357 255 15.62
348 264 15.632
339 273 15.643
309 305 15.655
288 328 15.667
248 375 15.679
228 399 15.69
208 425 15.701
204 430 15.713
195 442 15.725
192 446 15.736
190 450 15.748
190 451 15.76
204 443 15.772
224 428 15.783
292 376 15.795
333 344 15.807
354 327 15.818
423 272 15.83
433 263 15.841
448 251 15.853
459 242 15.865
471 232 15.877
474 230 15.888
475 229 15.905
467 236 15.917
456 246 15.929
415 288 15.941
365 342 15.956
340 369 15.968
313 399 15.98
307 406 15.992
295 420 16.006
287 428 16.018
285 430 16.03
284 431 16.042
304 413 16.065
325 396 16.077
368 366 16.089
398 344 16.101
441 315 16.113
464 299 16.125
484 285 16.137
487 283 16.149
498 277 16.16
501 275 16.172
502 274 16.184
501 276 16.206
479 298 16.218
462 316 16.23
414 364 16.242
389 388 16.253
343 431 16.265
334 439 16.277
323 448 16.288
314 456 16.3
305 464 16.312
304 465 16.323
303 466 16.335
303 466 16.347
318 456 16.358
337 445 16.37
363 431 16.382
379 422 16.394
398 412 16.406
409 407 16.417
417 403 16.429
422 401 16.441
424 401 16.452
427 400 16.464
427 400 16.475
428 404 16.487
426 408 16.498
416 421 16.51
409 430 16.522
381 460 16.533
375 467 16.545
351 494 16.557
335 510 16.571
327 518 16.583
324 521 16.594
315 529 16.606
312 530 16.618
309 532 16.629
309 532 16.641
309 532 16.653
309 530 16.676
309 527 16.687
309 520 16.699
309 514 16.71
309 509 16.722
308 498 16.733
307 493 16.744
304 485 16.755
303 482 16.767
301 478 16.779
300 476 16.79
298 474 16.802
297 473 16.813
297 473 16.825
296 473 16.836
295 474 16.848
295 484 16.86
295 490 16.872
298 503 16.883
300 510 16.895
303 518 16.907
305 522 16.918
307 526 16.93
308 527 16.941
311 528 16.953
314 524 16.965
320 494 16.976
323 469 16.988
325 443 16.999
328 396 17.011
328 371 17.022
328 341 17.034
328 336 17.046
328 321 17.057
328 318 17.069
327 316 17.081
326 316 17.092
324 322 17.104
323 328 17.116
321 348 17.126
320 361 17.138
318 393 17.15
318 409 17.162
318 416 17.173
318 431 17.185
318 437 17.195
318 444 17.207
318 446 17.218
318 447 17.229
318 447 17.241
318 440 17.253
318 432 17.265
319 422 17.277
325 384 17.288
327 375 17.3
330 354 17.312
330 350 17.324
331 338 17.335
331 335 17.347
331 332 17.359
331 332 17.371
331 335 17.393
331 354 17.405
331 377 17.417
334 403 17.428
335 410 17.44
337 422 17.452
337 428 17.463
338 431 17.475
339 435 17.486
339 435 17.497
339 436 17.509
340 436 17.52
341 427 17.532
341 419 17.543
344 395 17.555
345 381 17.567
346 366 17.578
349 339 17.589
349 333 17.601
349 322 17.612
349 318 17.624
349 313 17.636
349 312 17.648
349 312 17.67
351 323 17.682
352 331 17.693
358 353 17.705
360 358 17.717
363 368 17.728
366 380 17.74
368 385 17.751
371 392 17.763
371 394 17.774
372 395 17.786
372 396 17.798
373 396 17.809
374 394 17.821
375 385 17.833
375 378 17.844
376 357 17.855
376 344 17.866
376 331 17.877
376 313 17.889
376 309 17.9
376 298 17.912
376 296 17.923
375 295 17.934
374 294 17.946
373 294 17.957
372 304 17.969
370 320 17.981
370 345 17.993
370 361 18.004
370 393 18.016
370 399 18.027
370 412 18.039
370 417 18.051
370 423 18.062
370 424 18.074
371 425 18.086
371 425 18.097
371 425 18.109
373 415 18.121
374 406 18.132
378 382 18.144
379 368 18.156
382 340 18.167
383 333 18.179
384 319 18.191
385 312 18.202
385 305 18.214
385 303 18.226
385 302 18.237
385 310 18.271
385 318 18.283
386 337 18.295
386 343 18.307
388 363 18.318
389 366 18.33
392 376 18.342
392 379 18.354
395 382 18.365
396 382 18.376
399 383 18.388
401 383 18.4
410 374 18.411
414 367 18.423
424 349 18.434
430 336 18.446
438 314 18.458
447 289 18.47
452 272 18.481
458 250 18.493
459 246 18.505
463 233 18.516
463 229 18.527
464 226 18.539
460 235 18.562
458 242 18.574
449 279 18.585
448 288 18.597
446 305 18.609
443 338 18.621
443 343 18.632
443 355 18.644
443 361 18.655
443 366 18.667
443 368 18.679
446 369 18.69
447 369 18.702
453 360 18.713
457 352 18.724
465 329 18.736
468 314 18.748
471 300 18.759
474 269 18.771
474 264 18.782
474 249 18.794
474 243 18.806
472 236 18.818
471 235 18.829
470 235 18.841
469 235 18.853
466 244 18.864
465 253 18.876
462 291 18.888
462 300 18.9
462 336 18.911
463 342 18.923
467 356 18.935
469 362 18.946
473 367 18.958
476 369 18.97
483 369 18.982
488 363 18.993
500 345 19.005
511 323 19.017
513 313 19.029
527 261 19.04
527 250 19.051
530 213 19.063
530 206 19.075
530 192 19.087
529 187 19.098
525 180 19.109
522 180 19.121
514 185 19.132
509 192 19.144
500 209 19.156
491 235 19.168
485 265 19.179
483 296 19.191
483 314 19.203
483 333 19.214
484 337 19.226
487 349 19.238
489 352 19.25
491 355 19.261
493 355 19.273
496 355 19.284
497 352 19.296
502 338 19.308
507 323 19.319
511 299 19.331
513 282 19.342
515 248 19.354
515 242 19.366
515 230 19.377
515 219 19.389
514 214 19.4
511 210 19.412
510 210 19.424
507 210 19.435
504 214 19.447
496 243 19.459
489 279 19.47
483 327 19.482
481 359 19.493
481 371 19.504
480 399 19.516
480 404 19.528
480 420 19.54
480 423 19.551
480 426 19.563
480 426 19.575
486 423 19.586
493 412 19.598
504 392 19.61
516 366 19.621
524 339 19.633
528 320 19.645
530 288 19.659
530 282 19.671
528 263 19.684
524 257 19.694
512 249 19.706
504 248 19.717
488 248 19.728
478 254 19.739
461 272 19.751
454 285 19.762
448 300 19.774
444 329 19.785
444 343 19.796
446 365 19.807
452 374 19.819
462 384 19.831
470 389 19.842
487 396 19.854
495 398 19.866
508 398 19.878
514 398 19.889
523 394 19.901
529 388 19.913
532 383 19.925
536 366 19.936
536 357 19.948
536 334 19.96
533 324 19.972
522 304 19.983
514 295 19.994
502 284 20.006
494 279 20.017
471 271 20.029
467 271 20.041
453 271 20.053
447 271 20.064
437 280 20.076
435 286 20.088
435 303 20.099
435 315 20.111
440 326 20.123
456 351 20.135
466 362 20.146
492 381 20.158
506 388 20.169
536 398 20.181
552 401 20.193
570 401 20.205
578 401 20.216
593 397 20.228
602 390 20.24
609 377 20.251
611 367 20.263
611 343 20.274
608 320 20.286
584 288 20.298
576 282 20.31
529 256 20.322
507 252 20.333
497 252 20.345
444 258 20.356
437 264 20.368
415 288 20.38
403 313 20.391
403 351 20.403
404 371 20.415
426 408 20.427
434 415 20.438
469 445 20.45
487 454 20.462
523 467 20.473
531 468 20.485
555 470 20.496
564 470 20.508
576 469 20.52
580 465 20.531
582 461 20.543
585 447 20.554
585 439 20.566
580 419 20.578
567 397 20.589
532 365 20.601
511 351 20.613
474 335 20.624
450 327 20.636
408 321 20.647
401 321 20.659
380 321 20.671
375 324 20.682
368 337 20.694
368 346 20.706
373 362 20.717
400 393 20.729
419 410 20.741
452 431 20.752
490 453 20.764
523 465 20.776
543 472 20.788
565 475 20.799
578 477 20.81
591 477 20.822
601 477 20.833
607 473 20.845
609 468 20.856
610 461 20.868
608 443 20.88
602 432 20.892
579 399 20.903
567 386 20.915
542 367 20.927
524 357 20.938
487 342 20.95
470 336 20.961
439 331 20.973
426 329 20.984
411 329 20.996
403 329 21.007
391 330 21.019
387 333 21.031
382 339 21.042
378 357 21.054
378 375 21.066
379 400 21.077
384 413 21.089
397 438 21.101
406 447 21.112
426 461 21.124
449 467 21.135
474 469 21.147
507 469 21.158
535 467 21.17
554 463 21.182
569 458 21.193
586 452 21.205
590 450 21.217
602 446 21.228
605 444 21.24
607 443 21.252
608 443 21.507
619 443 21.519
628 442 21.531
639 441 21.541
673 436 21.553
684 434 21.565
710 428 21.577
722 424 21.588
731 420 21.6
735 419 21.612
738 415 21.624
738 413 21.635
730 408 21.647
717 403 21.659
684 394 21.67
664 392 21.682
633 391 21.693
613 391 21.705
580 392 21.717
575 394 21.729
564 399 21.74
551 411 21.751
547 417 21.763
543 437 21.774
543 446 21.786
551 465 21.797
559 475 21.809
594 499 21.82
611 506 21.831
621 508 21.843
655 514 21.854
671 515 21.866
688 515 21.878
697 514 21.89
710 508 21.901
715 504 21.913
723 489 21.925
725 480 21.936
726 463 21.948
726 452 21.96
715 429 21.971
701 409 21.983
680 392 21.995
667 383 22.006
636 367 22.018
623 363 22.029
609 360 22.041
585 358 22.053
575 358 22.065
561 362 22.076
555 366 22.088
542 381 22.1
540 388 22.111
540 407 22.122
543 424 22.134
568 448 22.146
587 461 22.157
634 481 22.169
661 488 22.18
689 493 22.191
727 496 22.203
749 496 22.215
773 496 22.227
785 494 22.238
799 487 22.25
803 484 22.262
807 473 22.273
807 466 22.284
794 439 22.296
781 425 22.308
746 393 22.319
726 378 22.331
716 372 22.342
676 353 22.354
658 347 22.366
637 342 22.378
625 341 22.389
607 341 22.401
601 341 22.412
588 352 22.424
584 360 22.435
582 383 22.447
582 397 22.459
588 427 22.47
595 442 22.482
602 455 22.493
621 477 22.505
632 485 22.517
658 498 22.528
682 506 22.54
710 510 22.552
727 512 22.563
750 513 22.575
762 513 22.587
772 513 22.598
775 513 22.61
780 512 22.622
781 511 22.633
781 508 22.644
781 503 22.655
778 498 22.667
765 481 22.679
751 464 22.692
729 447 22.703
723 443 22.715
708 435 22.727
701 432 22.738
685 427 22.75
677 427 22.762
665 434 22.774
658 441 22.785
646 458 22.797
641 467 22.809
635 488 22.82
634 499 22.831
634 515 22.843
635 523 22.855
643 538 22.866
651 547 22.878
658 551 22.89
678 555 22.901
699 556 22.913
735 552 22.925
754 545 22.936
782 532 22.948
798 523 22.96
818 509 22.971
828 502 22.983
841 487 22.994
845 481 23.006
849 471 23.017
849 467 23.029
848 459 23.041
843 454 23.052
832 447 23.064
803 433 23.076
782 425 23.087
735 411 23.099
724 409 23.11
687 404 23.122
670 404 23.133
654 404 23.144
646 405 23.156
636 412 23.168
633 415 23.18
629 423 23.191
628 432 23.203
628 437 23.214
628 449 23.226
631 456 23.238
643 474 23.25
650 481 23.261
666 491 23.272
674 495 23.284
694 499 23.296
699 500 23.307
716 500 23.319
730 499 23.331
742 493 23.342
749 489 23.354
754 485 23.366
763 474 23.377
768 465 23.389
771 449 23.401
771 442 23.411
768 423 23.423
762 413 23.435
747 394 23.446
736 385 23.458
710 369 23.469
697 364 23.481
684 360 23.492
666 357 23.503
655 356 23.514
645 356 23.526
637 356 23.537
631 359 23.549
627 365 23.56
624 380 23.572
623 391 23.584
623 402 23.595
623 426 23.607
625 437 23.618
634 456 23.63
640 464 23.641
654 480 23.653
663 485 23.665
684 495 23.677
694 498 23.688
717 499 23.699
726 499 23.711
740 498 23.722
748 494 23.734
755 490 23.746
765 483 23.758
769 479 23.769
774 469 23.781
776 464 23.793
778 455 23.805
778 450 23.816
769 431 23.828
759 422 23.84
738 409 23.851
723 400 23.863
693 386 23.875
687 384 23.886
666 380 23.898
658 379 23.91
646 379 23.921
642 380 23.933
635 389 23.945
633 397 23.956
633 425 23.968
635 433 23.98
640 448 23.991
654 472 24.003
658 477 24.014
672 492 24.026
684 501 24.037
701 505 24.049
709 506 24.061
730 506 24.073
735 504 24.084
754 496 24.096
768 489 24.108
778 480 24.119
783 474 24.131
788 468 24.142
793 458 24.154
794 453 24.165
795 447 24.176
795 444 24.188
795 438 24.2
795 435 24.211
792 430 24.223
789 428 24.235
778 421 24.246
771 418 24.258
755 414 24.27
750 413 24.281
734 410 24.293
727 410 24.305
721 410 24.317
712 410 24.328
709 411 24.34
703 417 24.352
701 421 24.363
698 431 24.375
697 437 24.386
697 449 24.398
697 454 24.41
698 462 24.422
699 463 24.433
702 467 24.445
703 469 24.457
705 470 24.468
705 471 24.48
706 471 24.492
706 471 24.503
706 470 24.558
707 469 24.57
708 461 24.581
710 456 24.593
714 440 24.605
714 435 24.616
715 422 24.627
715 417 24.639
707 406 24.651
701 402 24.663
686 399 24.674
676 398 24.686
671 398 24.697
655 398 24.708
642 403 24.72
629 413 24.732
623 421 24.744
613 439 24.755
611 449 24.766
609 464 24.778
609 473 24.79
609 484 24.801
612 488 24.813
619 493 24.824
627 496 24.836
634 497 24.848
657 497 24.86
671 497 24.871
691 492 24.883
702 488 24.895
715 480 24.906
720 474 24.918
725 465 24.93
726 461 24.941
727 447 24.953
727 439 24.965
719 425 24.977
713 417 24.988
699 403 25.0
691 397 25.011
683 392 25.022
664 383 25.033
659 382 25.045
635 378 25.057
626 378 25.069
614 379 25.08
607 382 25.092
596 390 25.104
592 396 25.115
588 408 25.127
586 414 25.138
586 428 25.15
586 434 25.162
595 451 25.173
600 458 25.185
607 464 25.195
622 476 25.207
630 480 25.219
648 486 25.23
657 487 25.242
671 487 25.254
680 487 25.266
692 486 25.277
698 483 25.289
705 477 25.301
706 476 25.312
710 470 25.324
711 468 25.336
711 466 25.348
712 462 25.359
712 460 25.371
712 457 25.383
712 456 25.394
709 452 25.406
707 450 25.418
702 447 25.429
699 445 25.441
691 443 25.453
687 442 25.464
671 442 25.476
668 442 25.487
656 449 25.498
650 454 25.51
646 459 25.522
637 476 25.533
636 480 25.544
634 495 25.556
634 502 25.567
635 511 25.579
637 515 25.59
645 521 25.602
653 524 25.613
667 524 25.625
676 524 25.637
695 519 25.649
700 516 25.66
708 513 25.671
722 503 25.683
727 498 25.695
733 488 25.707
734 484 25.718
734 470 25.73
732 465 25.741
720 452 25.753
711 445 25.765
691 433 25.776
680 428 25.788
657 421 25.8
651 421 25.811
641 419 25.823
621 419 25.834
613 419 25.846
600 426 25.858
597 431 25.869
592 440 25.881
592 446 25.893
592 461 25.904
595 468 25.916
604 476 25.928
614 485 25.939
632 493 25.95
643 496 25.962
664 500 25.974
670 500 25.986
679 501 25.997
695 501 26.009
701 501 26.021
710 497 26.032
714 494 26.044
719 487 26.056
721 482 26.067
724 470 26.079
725 459 26.09
725 448 26.101
723 441 26.113
711 425 26.125
703 420 26.136
695 416 26.147
677 409 26.159
666 407 26.17
650 406 26.182
640 406 26.194
623 406 26.206
615 406 26.217
604 412 26.229
599 416 26.241
592 432 26.252
592 440 26.264
592 461 26.276
596 471 26.287
604 486 26.299
613 501 26.311
619 509 26.322
635 523 26.334
644 528 26.346
664 537 26.357
674 539 26.369
691 541 26.381
699 541 26.392
712 541 26.404
716 538 26.416
722 531 26.427
726 523 26.439
730 506 26.451
731 495 26.462
732 472 26.474
732 459 26.486
726 436 26.498
721 424 26.509
708 404 26.521
704 400 26.532
697 393 26.544
684 382 26.556
678 378 26.568
662 370 26.579
657 370 26.591
645 367 26.603
637 367 26.614
617 367 26.626
609 370 26.638
597 376 26.65
585 384 26.661
570 397 26.672
564 404 26.684
556 416 26.696
552 424 26.708
546 437 26.72
544 443 26.731
542 453 26.743
542 457 26.755
542 458 26.767
542 465 26.778
542 467 26.79
545 471 26.802
548 474 26.813
555 478 26.825
563 482 26.836
578 487 26.848
586 489 26.86
602 490 26.871
618 492 26.883
631 492 26.895
639 492 26.906
647 492 26.918
651 491 26.929
655 488 26.941
657 486 26.953
657 482 26.964
651 472 26.976
644 464 26.987
622 444 26.999
608 433 27.01
579 414 27.022
563 406 27.034
533 394 27.045
527 393 27.056
507 390 27.068
499 390 27.08
492 390 27.091
483 393 27.103
479 397 27.115
473 412 27.126
473 422 27.138
473 443 27.149
477 455 27.161
489 478 27.173
497 489 27.184
516 505 27.196
520 508 27.208
545 517 27.219
555 518 27.231
577 515 27.242
596 504 27.254
609 492 27.266
638 451 27.277
664 404 27.288
690 323 27.3
703 277 27.312
724 170 27.323
728 145 27.335
732 122 27.347
737 105 27.358
733 109 28.465
730 113 28.477
725 120 28.489
723 124 28.501
719 129 28.513
715 136 28.525
708 145 28.537
705 150 28.549
700 157 28.561
699 158 28.572
694 164 28.584
693 166 28.596
690 171 28.607
689 172 28.619
688 175 28.63
687 176 28.642
686 178 28.654
685 179 28.666
683 182 28.678
683 183 28.691
681 185 28.703
680 186 28.716
677 189 28.728
675 191 28.74
672 195 28.751
670 197 28.763
666 201 28.775
664 203 28.787
660 208 28.798
658 211 28.81
655 215 28.822
653 217 28.834
650 221 28.846
649 223 28.858
647 225 28.87
646 227 28.882
645 228 28.894
644 229 28.906
643 230 28.918
642 231 28.93
640 233 28.942
639 234 28.954
637 236 28.966