569 458 2.638
571 462 2.651
572 467 2.664
573 470 2.676
573 471 2.688
573 472 2.701
573 473 2.713
569 475 2.724
564 475 2.736
535 475 2.748
515 475 2.76
463 475 2.772
433 475 2.784
368 475 2.796
340 476 2.808
304 477 2.82
295 478 2.832
266 479 2.844
257 479 2.856
248 479 2.868
244 479 2.88
238 479 2.892
236 479 2.904
233 478 2.916
232 478 2.928
229 478 3.194
224 478 3.206
211 482 3.218
205 484 3.23
193 485 3.242
186 486 3.254
174 487 3.265
169 487 3.277
159 487 3.288
158 487 3.3
152 486 3.312
149 485 3.324
146 482 3.336
144 481 3.348
141 479 3.359
140 478 3.371
138 477 3.383
137 476 3.395
136 475 3.408
135 475 3.42
134 474 3.433
133 474 3.445
133 474 3.457
133 474 3.469
133 474 3.492
134 474 3.559
136 474 3.571
141 474 3.583
145 474 3.595
156 476 3.607
167 477 3.619
173 477 3.631
185 478 3.644
190 479 3.656
197 479 3.668
201 480 3.679
207 480 3.691
209 480 3.703
212 481 3.715
214 481 3.727
215 481 3.738
215 481 3.75
216 481 3.762
216 481 3.774
216 482 3.831
215 482 3.843
215 482 3.855
213 483 3.867
212 484 3.879
209 486 3.891
207 487 3.903
202 491 3.915
201 491 3.926
197 493 3.938
194 495 3.95
190 496 3.962
189 496 3.974
185 497 3.99
183 498 4.002
181 498 4.013
179 499 4.025
178 499 4.037
176 499 4.049
175 499 4.06
174 499 4.072
173 499 4.084
172 499 4.096
172 499 4.119
172 499 4.187
176 499 4.199
178 500 4.21
185 500 4.222
190 501 4.234
203 502 4.246
209 503 4.258
222 504 4.27
227 504 4.281
234 504 4.294
237 504 4.306
242 504 4.318
243 504 4.33
245 504 4.342
245 504 4.354
245 504 4.365
245 504 4.377
245 503 4.389
245 503 5.063
248 501 5.076
252 498 5.088
255 497 5.1
261 493 5.112
264 492 5.124
271 489 5.136
273 488 5.149
278 486 5.161
284 484 5.181
285 484 5.193
286 483 5.205
287 483 5.216
287 483 5.228
288 483 5.24
288 483 5.253
288 482 5.289
288 482 5.313
288 482 5.325
288 482 5.34
288 481 5.356
288 481 5.368
288 479 5.38
288 478 5.392
289 474 5.404
290 472 5.416
292 466 5.427
293 462 5.439
295 456 5.451
295 453 5.463
296 448 5.475
297 442 5.49
297 440 5.504
298 436 5.516
298 434 5.528
298 433 5.54
298 432 5.552
298 431 5.564
298 431 5.575
298 431 5.73
299 431 5.82
299 431 5.832
299 431 5.854
299 431 5.866
300 431 5.877
303 431 5.889
307 431 5.902
311 430 5.914
316 429 5.926
319 428 5.938
322 427 5.949
327 426 5.961
331 425 5.973
336 424 5.984
338 424 5.996
343 422 6.008
345 422 6.02
348 420 6.032
350 420 6.044
352 418 6.056
354 418 6.068
356 416 6.08
357 416 6.091
359 414 6.103
361 413 6.115
365 410 6.127
367 409 6.139
370 406 6.151
371 404 6.162
374 401 6.174
376 400 6.186
378 397 6.197
379 396 6.209
380 394 6.221
381 393 6.233
383 392 6.245
384 392 6.555
386 391 6.567
392 390 6.579
393 389 6.591
401 388 6.603
402 388 6.615
410 387 6.626
413 386 6.638
419 386 6.65
422 386 6.661
429 386 6.673
433 386 6.685
440 386 6.697
444 386 6.709
454 386 6.721
459 387 6.733
468 389 6.744
473 391 6.755
482 395 6.767
487 396 6.779
495 400 6.791
499 402 6.803
506 405 6.815
510 407 6.826
516 410 6.838
519 412 6.85
525 416 6.862
526 416 6.874
531 420 6.886
532 421 6.898
535 423 6.91
536 424 6.921
537 425 6.934
538 426 6.946
539 426 6.958
539 427 6.97
539 427 6.982
540 427 7.403
542 428 7.415
547 431 7.427
551 434 7.438
562 439 7.45
572 444 7.461
584 449 7.473
590 451 7.485
602 456 7.496
606 458 7.508
615 461 7.52
619 464 7.532
627 469 7.544
629 470 7.556
636 476 7.568
636 476 7.812
647 476 7.823
654 477 7.835
673 481 7.847
691 485 7.858
720 491 7.87
737 495 7.882
760 501 7.894
773 504 7.906
791 510 7.918
799 512 7.929
812 517 7.941
816 519 7.952
818 520 7.964
817 520 8.285
812 521 8.297
806 523 8.308
796 526 8.32
785 528 8.332
765 532 8.345
753 534 8.357
711 536 8.37
690 536 8.382
647 534 8.395
636 532 8.407
600 520 8.42
573 507 8.433
569 504 8.445
553 492 8.458
547 487 8.47
539 479 8.483
534 472 8.495
532 468 8.508
531 464 8.52
529 462 8.533
528 456 8.546
527 453 8.559
534 459 8.682
546 481 8.694
551 488 8.706
557 500 8.718
558 504 8.729
560 510 8.741
560 512 8.753
561 520 8.765
561 523 8.777
553 529 8.789
547 531 8.801
529 533 8.813
517 534 8.824
492 535 8.836
479 535 8.848
460 534 8.86
450 531 8.872
434 525 8.884
427 522 8.896
414 509 8.908
411 502 8.92
406 484 8.932
404 463 8.944
404 428 8.956
409 406 8.968
424 354 8.979
434 326 8.991
460 252 9.003
467 239 9.015
484 213 9.027
493 201 9.038
510 187 9.05
512 186 9.062