621 481 1.102
621 489 1.114
621 494 1.126
623 503 1.138
624 508 1.149
625 514 1.161
625 517 1.173
626 520 1.184
626 521 1.197
626 523 1.209
626 523 1.221
626 523 1.233
627 523 1.267
625 523 5.025
624 523 5.037
621 523 5.049
618 523 5.06
615 523 5.072
614 523 5.084
611 523 5.097
608 523 5.109
607 523 5.121
604 523 5.133
603 523 5.144
599 523 5.156
596 522 5.168
590 522 5.18
587 522 5.192
584 521 5.203
577 521 5.215
574 520 5.226
567 520 5.238
564 520 5.25
558 520 5.262
555 520 5.273
551 520 5.285
546 521 5.297
543 522 5.309
538 524 5.32
532 525 5.332
528 527 5.343
519 529 5.355
514 530 5.366
504 532 5.378
499 533 5.39
494 533 5.402
483 534 5.414
478 535 5.425
467 536 5.437
461 536 5.448
442 536 5.459
438 536 5.471
422 536 5.482
409 536 5.493
396 534 5.505
389 533 5.517
377 528 5.53
372 525 5.541
363 518 5.553
358 514 5.565
353 510 5.576
343 501 5.588
340 497 5.599
333 490 5.611
330 486 5.623
326 480 5.635
325 478 5.647
323 472 5.658
322 469 5.67
320 463 5.681
319 459 5.693
318 452 5.705
318 448 5.715
318 439 5.727
318 435 5.739
318 425 5.751
318 421 5.763
318 411 5.775
318 406 5.787
318 396 5.798
318 392 5.81
317 387 5.822
316 379 5.833
316 377 5.845
316 370 5.857
316 368 5.868
316 361 5.88
317 358 5.892
324 351 5.904
329 346 5.915
343 337 5.927
353 330 5.939
389 311 5.951
406 302 5.963
435 290 5.975
454 283 5.986
487 274 5.998
503 271 6.01
523 269 6.021
534 269 6.033
553 269 6.045
561 269 6.057
577 273 6.068
584 276 6.08
597 283 6.092
603 287 6.104
609 291 6.115
620 300 6.127
624 304 6.139
630 310 6.151
638 318 6.164
640 320 6.175
643 323 6.187
647 329 6.199
649 331 6.21
654 338 6.222
655 341 6.234
657 346 6.247
659 357 6.259
660 361 6.27
660 374 6.282
659 386 6.294
657 396 6.306
651 419 6.317
641 445 6.33
636 459 6.342
622 485 6.354
614 498 6.365
607 511 6.377
590 535 6.388
582 546 6.4
563 564 6.411
559 567 6.423
542 578 6.434
535 582 6.447
516 590 6.458
508 593 6.469
492 597 6.481
482 599 6.493
470 601 6.503
446 603 6.515
423 603 6.526
386 598 6.538
365 591 6.549
334 578 6.561
303 559 6.573
268 525 6.584
253 502 6.597
231 449 6.608
225 422 6.62
220 367 6.632
220 355 6.643
223 313 6.655
229 296 6.667
245 265 6.68
255 252 6.691
277 229 6.703
287 219 6.715
310 203 6.726
321 197 6.738
332 192 6.75
354 184 6.761
366 182 6.773
390 180 6.785
403 180 6.797
429 180 6.809
442 183 6.82
468 193 6.832
480 199 6.844
504 214 6.855
515 223 6.867
531 241 6.878
539 252 6.89
551 278 6.902
556 292 6.914
564 324 6.925
565 341 6.937
567 372 6.949
567 390 6.961
565 421 6.972
560 436 6.984
550 464 6.997
526 498 7.031
521 502 7.043
496 524 7.055
486 528 7.066
464 532 7.077
453 532 7.089
426 529 7.101
411 523 7.112
366 506 7.124
357 500 7.135
321 483 7.146
306 474 7.158
291 465 7.17
268 445 7.181
260 435 7.193
248 411 7.205
244 388 7.216
244 347 7.228
252 323 7.24
282 267 7.251
302 239 7.263
354 182 7.274
380 160 7.286
407 141 7.296
458 113 7.308
470 110 7.319
512 99 7.331
532 98 7.342
567 98 7.354
582 99 7.365
606 110 7.377
617 118 7.388
628 128 7.399
645 149 7.411
652 161 7.423
664 189 7.434
669 202 7.446
674 231 7.458
675 247 7.469
673 288 7.481
667 306 7.492
652 330 7.504
640 345 7.516
603 378 7.527
592 383 7.539
543 401 7.551
523 404 7.563
478 404 7.575
455 404 7.586
446 401 7.598
409 387 7.61
394 379 7.621
367 359 7.633
357 348 7.644
341 322 7.655
336 307 7.667
331 278 7.679
331 262 7.69
333 232 7.701
339 218 7.712
347 204 7.724
378 170 7.735
394 158 7.747
422 145 7.759
440 138 7.77
477 130 7.782
495 128 7.794
531 128 7.805
548 128 7.817
579 139 7.829
593 147 7.84
618 166 7.852
628 178 7.864
638 192 7.875
654 235 7.887
657 259 7.899
658 333 7.91
658 350 7.922
648 410 7.934
642 423 7.946
626 464 7.957
617 481 7.969
606 498 7.98
597 508 7.992
577 526 8.003
572 527 8.015
564 531 8.026
542 537 8.037
531 538 8.049
510 538 8.061
499 538 8.072
473 529 8.083
460 522 8.095
438 507 8.106
427 497 8.118
407 473 8.13
392 448 8.142
380 412 8.154
377 389 8.165
376 339 8.177
377 314 8.189
386 288 8.2
413 238 8.212
431 215 8.224
475 174 8.235
497 157 8.247
528 139 8.258
549 128 8.27
589 116 8.281
607 114 8.293
643 113 8.305
660 113 8.316
675 117 8.328
702 131 8.34
725 151 8.352
742 173 8.363
746 182 8.375
761 230 8.387
764 251 8.398
764 299 8.41
759 326 8.421
735 381 8.433
720 408 8.444
690 450 8.456
674 470 8.467
635 503 8.478
614 514 8.49
605 518 8.502
551 536 8.513
542 537 8.525
506 538 8.537
489 538 8.549
461 534 8.56
449 528 8.572
428 515 8.584
420 508 8.595
408 491 8.607
405 481 8.618
403 446 8.629
403 427 8.64
410 409 8.651
427 383 8.663
440 368 8.675
468 347 8.687
482 340 8.698
510 336 8.71
524 336 8.721
549 340 8.733
560 347 8.744
581 375 8.756
583 383 8.768
591 429 8.78
591 451 8.792
587 483 8.804
582 503 8.815
575 523 8.827
561 555 8.839
553 567 8.85
537 588 8.862
533 591 8.874
518 601 8.885
512 605 8.897
500 609 8.908
495 610 8.92
488 611 8.931
484 611 8.943
478 611 8.955
476 611 8.966
474 610 8.978
473 609 8.989
473 608 9.001
473 605 9.011
474 601 9.023
484 595 9.034
493 590 9.046
528 578 9.058
538 575 9.069
575 569 9.081
595 567 9.092
612 567 9.103
632 567 9.115
643 567 9.127
656 572 9.138
660 575 9.15
663 582 9.162
663 588 9.173
661 601 9.185
657 607 9.196
645 622 9.208
638 629 9.22
631 635 9.231
620 643 9.243
614 647 9.254
603 652 9.266
601 653 9.278
593 654 9.289
591 655 9.301
589 655 9.313
588 655 9.324
588 653 9.335
590 650 9.347
602 643 9.359
611 638 9.37
621 634 9.382
646 626 9.394
659 622 9.405
684 615 9.416
696 611 9.428
718 605 9.44
722 603 9.451
742 594 9.463
749 589 9.474
760 581 9.486
762 579 9.498
767 574 9.509
768 573 9.521
770 572 9.533
771 571 9.544
771 570 9.556
771 570 9.568
769 573 9.589
765 577 9.6
761 582 9.612
750 593 9.624
746 596 9.635
732 609 9.647
719 620 9.659
707 629 9.67
700 633 9.682
685 640 9.694
679 642 9.705
666 645 9.717
660 645 9.729
649 645 9.741
644 643 9.752
635 638 9.763
631 635 9.775
627 632 9.786
621 625 9.798
619 622 9.809
614 614 9.821
612 610 9.832
609 599 9.844
608 594 9.856
608 582 9.868
608 571 9.878
612 562 9.89
616 557 9.902
625 550 9.914
632 548 9.925
638 548 9.937
655 548 9.948
662 552 9.96
670 560 9.972
675 565 9.984
684 577 9.995
690 588 10.007
694 603 10.019
694 607 10.031
695 623 10.043
695 630 10.054
693 645 10.066
692 645 10.099
689 645 10.111
679 645 10.123
674 645 10.135
666 645 10.146
657 644 10.158
656 644 10.169
656 627 10.192
656 622 10.204
656 598 10.215
659 586 10.227
666 574 10.238
677 561 10.249
686 554 10.261
710 543 10.273
714 543 10.284
735 545 10.296
743 550 10.308
756 563 10.319
761 572 10.331
767 585 10.343
770 593 10.354
772 608 10.366
772 615 10.377
772 622 10.389
767 632 10.4
763 635 10.412
745 642 10.423
736 643 10.435
714 643 10.446
703 642 10.458
689 636 10.469
681 631 10.481
672 622 10.493
668 615 10.504
666 606 10.516
666 590 10.528
666 587 10.539
674 575 10.551
678 570 10.563
688 565 10.574
694 564 10.585
705 564 10.597
710 564 10.609
718 571 10.62
720 575 10.632
723 589 10.644
723 595 10.655
712 608 10.667
703 613 10.679
692 617 10.69
664 622 10.702
648 623 10.713
627 623 10.725
616 623 10.737
604 619 10.749
599 617 10.76
593 614 10.772
591 612 10.784
591 605 10.795
578 605 11.017
562 605 11.028
538 605 11.04
522 605 11.051
471 605 11.063
407 602 11.075
388 599 11.086
312 590 11.098
297 587 11.11
249 575 11.121
242 573 11.133
220 563 11.144
209 555 11.156
205 541 11.168
205 532 11.18
213 499 11.192
219 490 11.204
242 463 11.215
256 453 11.227
284 439 11.238
309 433 11.25
334 433 11.261
348 437 11.273
362 445 11.285
385 466 11.296
392 477 11.308
399 504 11.32
399 518 11.331
397 546 11.343
391 559 11.354
376 582 11.365
367 591 11.377
347 601 11.388
336 603 11.4
324 605 11.411
298 605 11.423
285 600 11.435
264 585 11.446
255 577 11.458
242 556 11.47
239 544 11.482
238 516 11.493
238 503 11.505
242 484 11.517
246 475 11.528
263 457 11.54
271 454 11.551
289 452 11.563
301 452 11.574
313 453 11.586
338 468 11.598
349 477 11.609
368 498 11.621
375 509 11.633
384 532 11.645
386 543 11.656
386 562 11.668
385 566 11.68
378 579 11.69
370 585 11.702
353 587 11.714
343 586 11.726
320 570 11.737
300 548 11.749
293 532 11.76
287 492 11.772
287 470 11.783
305 429 11.795
320 411 11.807
362 385 11.818
388 377 11.83
425 374 11.842
446 374 11.853
473 380 11.865
486 385 11.877
489 386 11.887