304 481 2.882
305 482 2.894
308 487 2.906
310 489 2.918
316 498 2.931
319 505 2.942
327 520 2.954
328 524 2.965
332 539 2.977
334 545 2.988
337 556 3.001
338 561 3.014
339 569 3.026
340 572 3.037
341 580 3.049
341 584 3.061
341 591 3.073
341 592 3.084
341 599 3.097
339 603 3.109
336 607 3.121
335 609 3.133
331 612 3.144
329 613 3.156
326 615 3.168
325 615 3.181
325 616 3.192
324 616 3.204
324 616 3.215
323 616 3.227
323 617 3.283
323 617 3.306
321 618 3.318
320 619 3.331
314 622 3.342
311 624 3.354
303 628 3.366
300 630 3.378
293 633 3.389
291 634 3.401
286 636 3.414
283 636 3.425
279 638 3.436
276 638 3.448
272 638 3.46
271 638 3.472
268 638 3.484
267 638 3.497
265 638 3.509
265 638 3.52
264 638 3.532
264 637 3.544
264 637 3.556
263 637 3.59
263 637 3.614
263 637 3.637
263 637 3.66
263 637 3.716
263 637 3.772
263 636 3.783
263 636 3.927
264 636 3.939
265 637 3.951
269 637 3.964
275 637 3.976
282 637 3.988
306 637 3.999
315 637 4.011
330 637 4.022
370 637 4.034
407 637 4.049
425 637 4.06
445 637 4.071
455 637 4.082
466 637 4.094
472 637 4.106
476 637 4.117
480 637 4.13
482 637 4.142
483 637 4.154
483 637 4.164
483 637 4.176
483 637 4.209
484 637 4.464
489 637 4.476
493 637 4.487
502 637 4.499
504 637 4.51
507 637 4.522
513 638 4.533
516 639 4.547
516 639 4.558
517 639 4.57
517 639 4.582
517 639 4.593
517 639 4.638
516 638 4.65
516 638 4.926
520 630 4.938
522 627 4.95
529 616 4.963
535 603 4.975
539 597 4.987
545 586 4.999
547 581 5.01
550 576 5.022
552 573 5.034
554 568 5.048
555 566 5.06
556 563 5.072
557 562 5.083
557 562 5.096
557 561 5.108
558 561 5.12
558 557 5.548
558 554 5.56
559 546 5.572
560 540 5.583
562 526 5.596
562 519 5.608
564 498 5.619
564 494 5.63
565 478 5.641
566 473 5.653
567 465 5.664
567 460 5.676
568 454 5.688