800 602 3.859
701 522 3.886
664 489 3.898
658 482 3.909
638 457 3.921
633 444 3.933
633 446 4.08
629 456 4.092
622 466 4.104
619 470 4.115
611 478 4.129
607 481 4.141
591 490 4.152
583 493 4.164
570 494 4.176
555 494 4.188
537 489 4.199
529 482 4.212
511 464 4.223
503 452 4.235
495 433 4.247
491 423 4.258
490 419 4.269
489 404 4.28
489 397 4.291
492 395 4.303
492 395 12.618
492 393 12.63
492 390 12.641
492 388 12.652
492 376 12.664
492 372 12.676
492 352 12.688
492 343 12.7
493 321 12.712
493 310 12.724
494 289 12.735
494 277 12.746
495 272 12.758
496 254 12.77
496 246 12.782
496 231 12.795
496 224 12.807
497 219 12.819
497 214 12.83
497 211 12.842
497 210 12.854
497 208 12.866
497 207 12.879
497 207 12.89
497 207 12.902
497 208 12.98
497 211 12.992
497 216 13.004
497 229 13.015
497 250 13.029
497 263 13.04
497 276 13.052
497 306 13.064
497 322 13.075
497 351 13.087
497 366 13.098
497 395 13.11
497 408 13.121
499 434 13.133
499 438 13.145
500 450 13.156
501 456 13.168
502 464 13.18
503 467 13.191
503 469 13.203
504 470 13.215
504 471 13.228
504 471 13.24
504 472 13.252
504 471 13.308
504 467 13.319
504 454 13.33
504 443 13.342
504 410 13.354
503 393 13.366
500 373 13.378
499 361 13.39
495 344 13.402
493 338 13.413
492 335 13.425
489 324 13.436
488 320 13.448
487 314 13.461
486 305 13.473
486 301 13.485
486 290 13.496
486 283 13.508
486 272 13.52
486 261 13.532
487 245 13.545
487 239 13.557
488 225 13.568
489 222 13.58
489 213 13.592
489 210 13.604
489 207 13.615
489 206 13.629
489 205 13.64
489 205 13.652
489 204 13.663
490 205 13.752
490 207 13.764
490 217 13.776
491 224 13.787
493 243 13.799
494 255 13.812
498 293 13.823
499 301 13.834
501 333 13.846
502 350 13.858
504 382 13.87
505 398 13.881
506 428 13.893
506 434 13.905
507 456 13.917
507 466 13.929
507 481 13.941
507 487 13.952
507 492 13.964
507 500 13.976
507 502 13.988
505 507 13.999
503 509 14.011
500 513 14.023
498 514 14.034
495 517 14.046
492 517 14.057
485 518 14.069
477 519 14.08
468 519 14.092
462 519 14.103
441 519 14.116
437 519 14.128
413 519 14.14
402 519 14.151
377 512 14.163
364 508 14.174
351 502 14.186
324 487 14.198
300 470 14.212
291 459 14.224
276 437 14.235
271 423 14.246
266 397 14.258
265 382 14.27
265 365 14.281
265 355 14.295
267 348 14.305
268 345 14.317
270 342 14.328
273 341 14.34
273 341 14.352
276 343 14.364
278 349 14.375
285 370 14.398
293 393 14.411
298 407 14.423
308 434 14.434
314 448 14.446
322 463 14.458
328 471 14.469
340 483 14.481
346 486 14.492
366 492 14.504
377 492 14.516
401 489 14.528
425 481 14.539
450 467 14.551
467 458 14.563
484 447 14.575
515 428 14.587
521 424 14.598
541 410 14.609
549 405 14.621
556 400 14.632
559 399 14.646
564 396 14.658
565 396 14.67
566 395 14.683
566 395 14.696
567 395 14.764
567 395 14.776
569 395 14.789
574 395 14.801
588 395 14.813
596 393 14.826
619 387 14.838
632 383 14.85
657 372 14.863
662 369 14.875
680 358 14.888
688 351 14.9
693 348 14.912
698 344 14.924
699 342 14.936
700 341 14.948
700 341 14.959
700 340 14.971
700 340 14.983
699 339 14.995
698 339 15.007
698 338 15.019
696 337 15.03
696 337 15.042
695 337 15.054
695 337 15.066
695 337 15.078
694 337 15.09
694 337 15.112
694 337 15.18
693 337 15.191
692 337 15.467
690 337 15.478
684 335 15.49
680 333 15.502
669 329 15.514
663 325 15.526
651 318 15.537
645 314 15.549
632 307 15.561
626 304 15.573
610 293 15.585
603 287 15.596
586 273 15.608
581 270 15.62
566 258 15.632
559 252 15.645
546 241 15.657
541 237 15.669
533 228 15.681
530 225 15.692
527 220 15.704
525 218 15.716
523 216 15.728
523 215 15.74
523 214 15.751
522 214 15.764
522 214 15.787
522 214 15.812
521 216 15.823
521 218 15.835
521 226 15.847
521 230 15.859
521 240 15.871
522 246 15.882
526 260 15.895
528 266 15.907
531 281 15.918
534 294 15.93
536 308 15.942
537 317 15.954
538 331 15.965
538 339 15.976
538 354 15.988
538 361 16.0
538 375 16.012
537 381 16.024
536 395 16.036
536 401 16.047
536 411 16.059
536 413 16.071
536 420 16.083
536 423 16.095
538 427 16.107
538 428 16.119
539 432 16.13
539 434 16.142
540 437 16.154
540 439 16.165
540 442 16.178
540 444 16.19
539 447 16.202
539 449 16.214
537 453 16.225
537 455 16.237
537 458 16.249
537 461 16.262
537 465 16.273
537 466 16.285
539 469 16.297
540 470 16.308
540 471 16.319
541 472 16.331
542 473 16.343
542 473 16.354
543 473 16.712
545 473 16.723
550 473 16.735
553 473 16.747
559 473 16.759
565 473 16.77
577 474 16.782
591 476 16.795
597 477 16.807
599 477 16.819
608 478 16.83
611 479 16.842
616 480 16.854
617 480 16.866
619 481 16.878
620 481 16.89
620 481 16.901
621 481 16.912