859 330 6.927
836 347 6.938
809 365 6.95
760 404 6.962
750 412 6.973
726 431 6.985
722 434 6.996
707 446 7.008
703 449 7.02
699 451 7.031
698 452 7.043
698 452 7.055
698 447 14.874
697 440 14.886
694 424 14.898
692 415 14.909
688 401 14.921
684 387 14.933
678 367 14.944
676 363 14.955
671 346 14.967
668 338 14.979
666 331 14.99
662 319 15.002
660 315 15.013
657 310 15.024
656 307 15.036
654 296 15.047
654 304 15.368
655 318 15.379
655 322 15.391
656 326 15.403
656 330 15.415
656 331 15.426
656 334 15.438
656 336 15.45
651 339 15.461
647 341 15.473
633 345 15.485
624 347 15.496
602 351 15.508
590 351 15.52
563 352 15.531
551 352 15.543
527 346 15.555
517 342 15.566
512 339 15.577
497 331 15.589
492 327 15.601
486 321 15.613
484 318 15.624
480 311 15.636
481 314 19.338
483 317 19.349
487 326 19.361
490 332 19.372
494 342 19.383
496 347 19.395
498 352 19.406
501 364 19.418
503 370 19.429
505 381 19.441
505 387 19.453
504 399 19.464
501 406 19.475
491 422 19.486
485 430 19.498
470 446 19.51
466 449 19.521
453 460 19.533
435 470 19.544
426 475 19.556
413 480 19.567
405 482 19.579
387 486 19.59
380 487 19.602
364 488 19.613
358 488 19.624
352 489 19.636
341 489 19.647
336 489 19.659
332 489 19.671
329 489 19.682
325 489 19.693
323 489 19.704
322 489 19.716
320 490 19.728
319 490 19.739
316 490 19.751
315 490 19.762
313 489 19.774
312 488 19.786
309 486 19.798
309 485 19.809
307 483 19.821
306 482 19.833
306 481 19.845
305 481 19.856
305 480 19.868
305 480 19.89
304 480 19.924